image: map1.pgm
resolution: 0.050000
origin: [-23.00000, -10.000000, 0.00500]
negate: 0
occupied_thresh: 0.65
free_thresh: 0.196

